=600x600


"ro=3.65
NoLines: True
LargePixels: true
0.000 0.500 
1.000 0.895 
2.000 0.336 
3.000 0.799 
4.000 0.574 
5.000 0.875 
6.000 0.391 
7.000 0.853 
8.000 0.450 
9.000 0.886 
10.000 0.362 
11.000 0.826 
12.000 0.514 
13.000 0.894 
14.000 0.338 
15.000 0.801 
16.000 0.570 
17.000 0.878 
18.000 0.385 
19.000 0.847 
20.000 0.463 
21.000 0.890 
22.000 0.350 
23.000 0.815 
24.000 0.541 
25.000 0.889 
26.000 0.353 
27.000 0.818 
28.000 0.534 
29.000 0.891 
30.000 0.348 
31.000 0.812 
32.000 0.546 
33.000 0.887 
34.000 0.358 
35.000 0.822 
36.000 0.523 
37.000 0.893 
38.000 0.342 
39.000 0.805 
40.000 0.561 
41.000 0.882 
42.000 0.374 
43.000 0.838 
44.000 0.487 
45.000 0.894 
46.000 0.338 
47.000 0.801 
48.000 0.570 
49.000 0.877 
50.000 0.385 
51.000 0.848 
52.000 0.463 
53.000 0.890 
54.000 0.351 
55.000 0.815 
56.000 0.540 
57.000 0.889 
58.000 0.352 
59.000 0.817 
60.000 0.536 
61.000 0.890 
62.000 0.349 
63.000 0.814 
64.000 0.543 
65.000 0.888 
66.000 0.355 
67.000 0.820 
68.000 0.529 
69.000 0.892 
70.000 0.345 
71.000 0.809 
72.000 0.554 
73.000 0.885 
74.000 0.365 
75.000 0.830 
76.000 0.505 
77.000 0.895 
78.000 0.337 
79.000 0.800 
80.000 0.574 
81.000 0.875 
82.000 0.390 
83.000 0.852 
84.000 0.452 
85.000 0.887 
86.000 0.360 
87.000 0.825 
88.000 0.518 
89.000 0.894 
90.000 0.340 
91.000 0.803 
92.000 0.566 
93.000 0.879 
94.000 0.380 
95.000 0.844 
96.000 0.472 
97.000 0.892 
98.000 0.344 
99.000 0.808 
100.000 0.555 
101.000 0.884 
102.000 0.367 
103.000 0.831 
104.000 0.502 
105.000 0.895 
106.000 0.336 
107.000 0.799 
108.000 0.574 
109.000 0.875 
110.000 0.391 
111.000 0.852 
112.000 0.450 
113.000 0.886 
114.000 0.361 
115.000 0.826 
116.000 0.514 
117.000 0.894 
118.000 0.339 
119.000 0.802 
120.000 0.569 
121.000 0.878 
122.000 0.384 
123.000 0.847 
124.000 0.465 
125.000 0.891 
126.000 0.349 
127.000 0.813 
128.000 0.543 
129.000 0.888 
130.000 0.355 
131.000 0.820 
132.000 0.529 
133.000 0.892 
134.000 0.345 
135.000 0.809 
136.000 0.554 
137.000 0.885 
138.000 0.366 
139.000 0.830 
140.000 0.504 
141.000 0.895 
142.000 0.337 
143.000 0.799 
144.000 0.574 
145.000 0.875 
146.000 0.390 
147.000 0.852 
148.000 0.451 
149.000 0.886 
150.000 0.360 
151.000 0.825 
152.000 0.517 
153.000 0.894 
154.000 0.339 
155.000 0.802 
156.000 0.567 
157.000 0.879 
158.000 0.382 
159.000 0.845 
160.000 0.470 
161.000 0.892 
162.000 0.346 
163.000 0.810 
164.000 0.551 
165.000 0.886 
166.000 0.363 
167.000 0.828 
168.000 0.511 
169.000 0.895 
170.000 0.338 
171.000 0.801 
172.000 0.571 
173.000 0.877 
174.000 0.387 
175.000 0.849 
176.000 0.459 
177.000 0.889 
178.000 0.354 
179.000 0.818 
180.000 0.532 
181.000 0.891 
182.000 0.347 
183.000 0.811 
184.000 0.549 
185.000 0.886 
186.000 0.360 
187.000 0.825 
188.000 0.517 
189.000 0.894 
190.000 0.339 
191.000 0.802 
192.000 0.568 
193.000 0.879 
194.000 0.382 
195.000 0.845 
196.000 0.469 
197.000 0.892 
198.000 0.346 
199.000 0.810 
200.000 0.551 
201.000 0.886 
202.000 0.362 
203.000 0.827 
204.000 0.512 
205.000 0.894 
206.000 0.338 
207.000 0.801 
208.000 0.571 
209.000 0.877 
210.000 0.386 
211.000 0.848 
212.000 0.460 
213.000 0.889 
214.000 0.352 
215.000 0.817 
216.000 0.535 
217.000 0.891 
218.000 0.349 
219.000 0.813 
220.000 0.543 
221.000 0.888 
222.000 0.355 
223.000 0.820 
224.000 0.528 
225.000 0.892 
226.000 0.345 
227.000 0.809 
228.000 0.554 
229.000 0.885 
230.000 0.366 
231.000 0.830 
232.000 0.504 
233.000 0.895 
234.000 0.337 
235.000 0.799 
236.000 0.574 
237.000 0.875 
238.000 0.391 
239.000 0.852 
240.000 0.451 
241.000 0.886 
242.000 0.360 
243.000 0.825 
244.000 0.516 
245.000 0.894 
246.000 0.339 
247.000 0.802 
248.000 0.568 
249.000 0.879 
250.000 0.382 
251.000 0.845 
252.000 0.469 
253.000 0.892 
254.000 0.346 
255.000 0.810 
256.000 0.550 
257.000 0.886 
258.000 0.362 
259.000 0.826 
260.000 0.513 
261.000 0.894 
262.000 0.338 
263.000 0.801 
264.000 0.570 
265.000 0.878 
266.000 0.385 
267.000 0.847 
268.000 0.463 
269.000 0.890 
270.000 0.350 
271.000 0.815 
272.000 0.540 
273.000 0.889 
274.000 0.353 
275.000 0.817 
276.000 0.535 
277.000 0.891 
278.000 0.349 
279.000 0.813 
280.000 0.544 
281.000 0.888 
282.000 0.356 
283.000 0.821 
284.000 0.526 
285.000 0.893 
286.000 0.343 
287.000 0.807 
288.000 0.557 
289.000 0.883 
290.000 0.369 
291.000 0.834 
292.000 0.497 
293.000 0.895 
294.000 0.337 
295.000 0.799 
296.000 0.574 
297.000 0.875 
298.000 0.391 
299.000 0.852 
300.000 0.451 
301.000 0.886 
302.000 0.361 
303.000 0.826 
304.000 0.516 
305.000 0.894 
306.000 0.339 
307.000 0.802 
308.000 0.568 
309.000 0.878 
310.000 0.383 
311.000 0.846 
312.000 0.467 
313.000 0.891 
314.000 0.347 
315.000 0.812 
316.000 0.547 
317.000 0.887 
318.000 0.359 
319.000 0.824 
320.000 0.520 
321.000 0.894 
322.000 0.341 
323.000 0.804 
324.000 0.564 
325.000 0.880 
326.000 0.377 
327.000 0.841 
328.000 0.479 
329.000 0.893 
330.000 0.341 
331.000 0.805 
332.000 0.563 
333.000 0.881 
334.000 0.376 
335.000 0.840 
336.000 0.481 
337.000 0.894 
338.000 0.340 
339.000 0.803 
340.000 0.566 
341.000 0.880 
342.000 0.379 
343.000 0.843 
344.000 0.474 
345.000 0.893 
346.000 0.343 
347.000 0.807 
348.000 0.558 
349.000 0.883 
350.000 0.370 
351.000 0.834 
352.000 0.495 
353.000 0.895 
354.000 0.337 
355.000 0.799 
356.000 0.574 
357.000 0.875 
358.000 0.390 
359.000 0.852 
360.000 0.451 
361.000 0.887 
362.000 0.360 
363.000 0.825 
364.000 0.517 
365.000 0.894 
366.000 0.339 
367.000 0.803 
368.000 0.567 
369.000 0.879 
370.000 0.381 
371.000 0.845 
372.000 0.470 
373.000 0.892 
374.000 0.345 
375.000 0.810 
376.000 0.552 
377.000 0.885 
378.000 0.364 
379.000 0.828 
380.000 0.509 
381.000 0.895 
382.000 0.337 
383.000 0.800 
384.000 0.572 
385.000 0.876 
386.000 0.388 
387.000 0.850 
388.000 0.456 
389.000 0.888 
390.000 0.356 
391.000 0.821 
392.000 0.527 
393.000 0.892 
394.000 0.344 
395.000 0.807 
396.000 0.557 
397.000 0.883 
398.000 0.369 
399.000 0.833 
400.000 0.498 
