

 "(6*X+9)/2-2*X-2"
2.040 4.540 
2.080 4.580 
2.120 4.620 
2.160 4.660 
2.200 4.700 
2.240 4.740 
2.280 4.780 
2.320 4.820 
2.360 4.860 
2.400 4.900 
2.440 4.940 
2.480 4.980 
2.520 5.020 
2.560 5.060 
2.600 5.100 
2.640 5.140 
2.680 5.180 
2.720 5.220 
2.760 5.260 
2.800 5.300 
2.840 5.340 
2.880 5.380 
2.920 5.420 
2.960 5.460 
3.000 5.500 
3.040 5.540 
3.080 5.580 
3.120 5.620 
3.160 5.660 
3.200 5.700 
3.240 5.740 
3.280 5.780 
3.320 5.820 
3.360 5.860 
3.400 5.900 
3.440 5.940 
3.480 5.980 
3.520 6.020 
3.560 6.060 
3.600 6.100 
3.640 6.140 
3.680 6.180 
3.720 6.220 
3.760 6.260 
3.800 6.300 
3.840 6.340 
3.880 6.380 
3.920 6.420 
3.960 6.460 
4.000 6.500 
4.040 6.540 
4.080 6.580 
4.120 6.620 
4.160 6.660 
4.200 6.700 
4.240 6.740 
4.280 6.780 
4.320 6.820 
4.360 6.860 
4.400 6.900 
4.440 6.940 
4.480 6.980 
4.520 7.020 
4.560 7.060 
4.600 7.100 
4.640 7.140 
4.680 7.180 
4.720 7.220 
4.760 7.260 
4.800 7.300 
4.840 7.340 
4.880 7.380 
4.920 7.420 
4.960 7.460 
5.000 7.500 
5.040 7.540 
5.080 7.580 
5.120 7.620 
5.160 7.660 
5.200 7.700 
5.240 7.740 
5.280 7.780 
5.320 7.820 
5.360 7.860 
5.400 7.900 
5.440 7.940 
5.480 7.980 
5.520 8.020 
5.560 8.060 
5.600 8.100 
5.640 8.140 
5.680 8.180 
5.720 8.220 
5.760 8.260 
5.800 8.300 
5.840 8.340 
5.880 8.380 
5.920 8.420 
5.960 8.460 
6.000 8.500 
6.040 8.540 
6.000 8.500 
